ARDUPILOT_ORIGIN_LAT=49.000000000000000
ARDUPILOT_ORIGIN_LON=-8.0000000000000000
ARDUPILOT_STARTING_ALT=0
ARDUPILOT_STARTING_YAW=0